2.48086547851562	0.225500002503395	181.92724609375	73.7985382080078	1	113.999641418457	145.000259399414	1	0	0	-1	0	0	-1	159.73331471656	94.4939960904775	123.653480082665	163.429090116224
2.48849010467529	0.223029404878616	181.81201171875	73.9109268188477	1	113.999641418457	145.000259399414	1	0	0	-1	0	0	-1	159.99054745963	94.2589602205593	124.929043505668	162.659607789061
2.49611043930054	0.225264713168144	181.697113037109	74.0229568481445	1	113.999641418457	145.000259399414	1	0	0	-1	0	0	-1	160.088400449222	93.9136852238088	123.767267395109	162.523731138546
2.50373363494873	0.224941179156303	181.58186340332	74.135009765625	1	113.999641418457	145.000259399414	1	0	0	-1	0	0	-1	160.122963817212	93.7468646388929	123.746046580489	162.269915148375
2.5113570690155	0.223147064447403	181.466949462891	74.2477722167969	1	113.999641418457	145.000259399414	1	0	0	-1	0	0	-1	160.147015425889	93.6832997987928	123.746118721461	161.736128407361
2.51897764205933	0.227058827877045	181.351715087891	74.3597946166992	1	113.999641418457	145.000259399414	1	0	0	-1	0	0	-1	160.117854444724	93.3672878368169	124.735688650664	161.372323467723
2.52660083770752	0.222735300660133	181.23681640625	74.4721832275391	1	113.999641418457	145.000259399414	1	0	0	-1	0	0	-1	160.026648487853	93.5097917699554	124.75165085675	161.294997032697
2.53422260284424	0.226352944970131	181.12158203125	74.5842056274414	1	113.999641418457	145.000259399414	1	0	0	-1	0	0	-1	160.12936416185	93.5011560693642	124.754592319638	160.731003556234
2.54184484481812	0.230617642402649	181.006683349609	74.6962356567383	1	113.999641418457	145.000259399414	1	0	0	-1	0	0	-1	160.085294117647	93.5812941176471	124.719576867255	160.799318968405
2.54946780204773	0.223294124007225	180.891448974609	74.8086242675781	1	113.999641418457	145.000259399414	1	0	0	-1	0	0	-1	159.936726116097	93.496989662615	124.726612711259	160.672046948529
2.55708932876587	0.228411763906479	180.776550292969	74.9206924438477	1	113.999641418457	145.000259399414	1	0	0	-1	0	0	-1	159.959167333867	93.5834381791147	124.834704590298	160.718951267637
2.56471347808838	0.224647060036659	180.661315917969	75.03271484375	1	113.999641418457	145.000259399414	1	0	0	-1	0	0	-1	159.885891885892	93.5543345543346	124.535203922932	161.231048615812
2.57233381271362	0.226705878973007	180.546401977539	75.1451110839844	1	113.999641418457	145.000259399414	1	0	0	-1	0	0	-1	159.598882201204	93.6070507308684	123.544395885281	161.237105754708
2.57995676994324	0.226264700293541	180.425201416016	75.2630996704102	1	113.999641418457	145.000259399414	1	0	0	-1	0	0	-1	159.535049288061	93.782256297919	124.644614260207	160.590576458725
2.58757901191711	0.223294124007225	180.309921264648	75.37548828125	1	113.999641418457	145.000259399414	1	0	0	-1	0	0	-1	159.558671824629	93.7113690092414	124.627656660824	160.575609845165
2.59520149230957	0.223205879330635	180.195053100586	75.4875183105469	1	113.999641418457	145.000259399414	1	0	0	-1	0	0	-1	159.383860045147	93.8965011286682	123.674542162865	160.759058943404
2.60282325744629	0.227058827877045	180.079788208008	75.5995407104492	1	113.999641418457	145.000259399414	1	0	0	-1	0	0	-1	159.279170267934	93.9006050129646	124.565795972123	160.622162468675
2.61044669151306	0.224441170692444	179.964920043945	75.7123031616211	1	113.999641418457	145.000259399414	1	0	0	-1	0	0	-1	159.239717978848	94.1692126909518	124.41273121548	161.309949215999
2.61806845664978	0.22538235783577	179.849639892578	75.8243560791016	1	113.999641418457	145.000259399414	1	0	0	-1	0	0	-1	159.222199062011	94.1340281396561	124.437078158439	161.405196539299
2.62569069862366	0.225352942943573	179.734786987305	75.936393737793	1	113.999641418457	145.000259399414	1	0	0	-1	0	0	-1	159.091240495782	94.1552963232997	123.401019518046	161.466933813107
2.63331389427185	0.225941181182861	179.619506835938	76.0487823486328	1	113.999641418457	145.000259399414	1	0	0	-1	0	0	-1	158.995838968064	94.1878705919068	123.480499610797	161.26954288833
2.64093446731567	0.227941170334816	179.504653930664	76.1608123779297	1	113.999641418457	145.000259399414	1	0	0	-1	0	0	-1	158.919404203224	94.3292185268313	123.522465824553	161.384394331397
2.64855790138245	0.22373528778553	179.389389038086	76.272834777832	1	113.999641418457	145.000259399414	1	0	0	-1	0	0	-1	158.884416924665	94.2401444788442	123.537047730759	161.379626454931
2.65618014335632	0.226882353425026	179.274520874023	76.3852310180664	1	113.999641418457	145.000259399414	1	0	0	-1	0	0	-1	158.716231438812	94.5402969790067	123.393790951361	161.208044025213
2.66380214691162	0.223529413342476	179.159255981445	76.4972915649414	1	113.999641418457	145.000259399414	1	0	0	-1	0	0	-1	158.748885432867	94.6264385692068	123.505351064313	161.347006762583
2.67142462730408	0.227705880999565	179.044372558594	76.6100540161133	1	113.999641418457	145.000259399414	1	0	0	-1	0	0	-1	158.565588773643	94.7080536912752	124.68540286386	161.41225828633
2.67904591560364	0.226705878973007	178.929473876953	76.7220840454102	1	113.999641418457	145.000259399414	1	0	0	-1	0	0	-1	158.452003254017	94.6226357535082	124.699294391777	161.381263329982
2.68666982650757	0.22602941095829	178.814254760742	76.8341064453125	1	113.999641418457	145.000259399414	1	0	0	-1	0	0	-1	158.428345366433	94.771338146573	123.391754986831	161.492795052273
2.69429135322571	0.221970587968826	178.699356079102	76.9465026855469	1	113.999641418457	145.000259399414	1	0	0	-1	0	0	-1	158.271387597666	94.6595786766888	124.631110655623	161.330653200786
2.70191431045532	0.22938235104084	178.584121704102	77.0585327148438	1	113.999641418457	145.000259399414	1	0	0	-1	0	0	-1	158.175552922591	94.8380726698262	123.443383195963	161.429868828484
2.70953631401062	0.226294115185738	178.469223022461	77.1706008911133	1	113.999641418457	145.000259399414	1	0	0	-1	0	0	-1	157.973286536024	94.828897338403	123.426453448977	161.340940506844
2.7171573638916	0.22455883026123	178.348388671875	77.2889251708984	1	113.999641418457	145.000259399414	1	0	0	-1	0	0	-1	158.056338028169	94.9843396040579	124.409202760458	161.29248459731
2.72478151321411	0.22791177034378	178.233123779297	77.400993347168	1	113.999641418457	145.000259399414	1	0	0	-1	0	0	-1	157.95662210253	94.8907377128018	123.520896448188	161.423493558914
2.73240256309509	0.231764703989029	178.118255615234	77.5133895874023	1	113.999641418457	145.000259399414	1	0	0	-1	0	0	-1	157.852597145123	95.1667327517843	123.552375253176	161.404953047321
2.74002432823181	0.223794117569923	178.002990722656	77.6254119873047	1	113.999641418457	145.000259399414	1	0	0	-1	0	0	-1	157.829208885425	95.2133671083398	123.617704597326	161.390374234685
2.74764823913574	0.218352943658829	177.888137817383	77.7374496459961	1	113.999641418457	145.000259399414	1	0	0	-1	0	0	-1	157.635140443921	95.1340601060695	123.439695614227	161.226252818387
2.75526976585388	0.224117651581764	177.772857666016	77.8498382568359	1	113.999641418457	145.000259399414	1	0	0	-1	0	0	-1	157.74913361571	95.2281478629187	123.437612808793	161.218918651952
2.76289248466492	0.225058823823929	177.658004760742	77.9619064331055	1	113.999641418457	145.000259399414	1	0	0	-1	0	0	-1	157.712934362934	95.4440154440155	123.517431242428	160.77612426089
2.77051448822021	0.226676464080811	177.542739868164	78.0739364624023	1	113.999641418457	145.000259399414	1	0	0	-1	0	0	-1	157.516020073345	95.5075275043428	123.445145806919	161.133870675602
2.77813744544983	0.225029408931732	177.427871704102	78.1866989135742	1	113.999641418457	145.000259399414	1	0	0	-1	0	0	-1	157.489964122952	95.7468243963929	123.568326088143	161.304379854126
2.78576040267944	0.229147061705589	177.312606811523	78.2987213134766	1	113.999641418457	145.000259399414	1	0	0	-1	0	0	-1	157.363654051951	95.7412199630314	123.507584172478	161.458792359379
2.79338145256042	0.223264709115028	177.19775390625	78.410758972168	1	113.999641418457	145.000259399414	1	0	0	-1	0	0	-1	157.277066356228	95.7713426464882	123.672929727202	161.542664663926
2.80100393295288	0.222970589995384	177.082473754883	78.5231475830078	1	113.999641418457	145.000259399414	1	0	0	-1	0	0	-1	156.930359085963	95.8182807399347	123.460061240346	161.550843197294
2.80862641334534	0.22717647254467	176.967620849609	78.6351852416992	1	113.999641418457	145.000259399414	1	0	0	-1	0	0	-1	156.830551242236	96.1885675465839	123.42394334431	161.721620280572
2.81624794006348	0.222970589995384	176.852737426758	78.7472534179688	1	113.999641418457	145.000259399414	1	0	0	-1	0	0	-1	156.783659039576	96.1872729058234	123.712990795976	161.562217899919
2.82387137413025	0.224764704704285	176.737457275391	78.8596420288086	1	113.999641418457	145.000259399414	1	0	0	-1	0	0	-1	156.652627548579	96.1106537762037	122.456962237663	161.680861020122
2.83149337768555	0.223705887794495	176.622604370117	78.9716796875	1	113.999641418457	145.000259399414	1	0	0	-1	0	0	-1	156.719104362868	96.1793196232943	123.472729096563	161.516026956292
2.83911514282227	0.224000006914139	176.507339477539	79.0837097167969	1	113.999641418457	145.000259399414	1	0	0	-1	0	0	-1	156.569075144509	96.4022157996146	123.489438755814	161.555251208706
2.84673738479614	0.222323521971703	176.392486572266	79.1961059570312	1	113.999641418457	145.000259399414	1	0	0	-1	0	0	-1	156.492227479	96.2180168002317	123.442684037901	161.541718294461
2.85436034202576	0.224058821797371	176.271621704102	79.3141098022461	1	113.999641418457	145.000259399414	1	0	0	-1	0	0	-1	156.396790313281	96.3553719008264	123.470584993018	161.439277577717
2.8619818687439	0.226647064089775	176.156387329102	79.4264984130859	1	113.999641418457	145.000259399414	1	0	0	-1	0	0	-1	156.355769230769	96.4355483625286	123.727404347144	161.39147354734
2.86960434913635	0.226647064089775	176.041488647461	79.53857421875	1	113.999641418457	145.000259399414	1	0	0	-1	0	0	-1	156.220122128526	96.5351361829989	122.440332674126	162.064746837158
2.87722659111023	0.224323526024818	175.92626953125	79.6506042480469	1	113.999641418457	145.000259399414	1	0	0	-1	0	0	-1	156.071803184896	96.8239725374273	123.70631414956	161.641348973607
2.88484883308411	0.224735289812088	175.811370849609	79.7633666992188	1	113.999641418457	145.000259399414	1	0	0	-1	0	0	-1	155.970305592927	96.5834134153373	123.532812858783	161.694594718714
2.89247226715088	0.228000000119209	175.696136474609	79.8753967285156	1	113.999641418457	145.000259399414	1	0	0	-1	0	0	-1	155.929531801278	96.891866119958	123.48859994506	162.240957787748
2.90009427070618	0.229558825492859	175.581253051758	79.9874267578125	1	113.999641418457	145.000259399414	1	0	0	-1	0	0	-1	155.69893924783	96.9601735776278	123.508122827562	162.16624844328
2.9077160358429	0.223617643117905	175.466018676758	80.0998229980469	1	113.999641418457	145.000259399414	1	0	0	-1	0	0	-1	155.690558434082	96.7651122625216	123.617812551717	161.543046540279
2.91533899307251	0.226823523640633	175.351135253906	80.2118988037109	1	113.999641418457	145.000259399414	1	0	0	-1	0	0	-1	155.3934945308	97.095950873153	123.470530665507	162.154759315644
2.92296051979065	0.225882351398468	175.235900878906	80.3242874145508	1	113.999641418457	145.000259399414	1	0	0	-1	0	0	-1	155.461233565352	97.2822892498067	123.603066581484	161.683703230466
2.93058300018311	0.224999994039536	175.121017456055	80.4363250732422	1	113.999641418457	145.000259399414	1	0	0	-1	0	0	-1	155.291717936583	97.2687174633223	123.534177330066	161.631854070242
2.93820571899414	0.224205881357193	175.005783081055	80.5483551025391	1	113.999641418457	145.000259399414	1	0	0	-1	0	0	-1	155.003892944039	97.3859854014598	123.543361779973	161.62975103773
2.94582748413086	0.22202941775322	174.890899658203	80.660758972168	1	113.999641418457	145.000259399414	1	0	0	-1	0	0	-1	155.020899242642	97.6124053302656	123.63821603928	161.515711947627
2.95344972610474	0.223882347345352	174.77604675293	80.7727966308594	1	113.999641418457	145.000259399414	1	0	0	-1	0	0	-1	154.868944762644	97.7409960198039	123.684874337525	161.598018576995
2.96107244491577	0.224999994039536	174.660781860352	80.8848571777344	1	113.999641418457	145.000259399414	1	0	0	-1	0	0	-1	154.897649082569	97.7522935779816	123.565665588115	161.78242719774
2.96869397163391	0.223147064447403	174.545913696289	80.9976272583008	1	113.999641418457	145.000259399414	1	0	0	-1	0	0	-1	154.852354810748	97.8894346527978	123.580274848076	161.697029867563
2.97631669044495	0.222235292196274	174.4306640625	81.1096572875977	1	113.999641418457	145.000259399414	1	0	0	-1	0	0	-1	154.844878796589	97.8797547187889	123.439923207021	161.672084837958
2.98393940925598	0.222823530435562	174.315811157227	81.2216949462891	1	113.999641418457	145.000259399414	1	0	0	-1	0	0	-1	154.580063321501	97.9664204163868	123.384196085938	161.558642566108
2.99156045913696	0.222558826208115	174.194229125977	81.3400497436524	1	113.999641418457	145.000259399414	1	0	0	-1	0	0	-1	154.487009237875	98.2083333333333	123.553295497681	161.6886335651
2.99918341636658	0.2267647087574	174.079345703125	81.4520874023438	1	113.999641418457	145.000259399414	1	0	0	-1	0	0	-1	154.491890860523	98.2427971761114	123.333575456023	162.430600070821
3.00680613517761	0.223794117569923	173.964447021484	81.5644912719727	1	113.999641418457	145.000259399414	1	0	0	-1	0	0	-1	154.28861438284	98.1821315713875	123.428417375596	162.539747642792
3.01442861557007	0.228588238358498	173.849227905273	81.6765213012695	1	113.999641418457	145.000259399414	1	0	0	-1	0	0	-1	154.274634516803	98.3104233909246	123.472879766043	162.392006474278
3.02205085754395	0.229176476597786	173.734344482422	81.7885894775391	1	113.999641418457	145.000259399414	1	0	0	-1	0	0	-1	154.086894041004	98.5753017819506	123.552639207069	162.314797325728
3.02967262268066	0.220823526382446	173.619110107422	81.9009857177734	1	113.999641418457	145.000259399414	1	0	0	-1	0	0	-1	153.873969714395	98.5250143760782	122.400461673882	162.420823827402
3.03729510307312	0.219647064805031	173.501251220703	82.0161743164062	1	113.999641418457	145.000259399414	1	0	0	-1	0	0	-1	153.819698858732	98.6440970557207	123.671516429778	162.3872126772
3.04491829872131	0.225176468491554	173.386001586914	82.1282043457031	1	113.999641418457	145.000259399414	1	0	0	-1	0	0	-1	153.797491209731	98.6999904970066	123.771568793048	162.573222228478
3.05253934860229	0.226588234305382	173.271148681641	82.2402801513672	1	113.999641418457	145.000259399414	1	0	0	-1	0	0	-1	153.730470966522	98.7909022129752	123.693021498539	162.701379481934
3.06016111373901	0.221176475286484	173.155883789063	82.3526763916016	1	113.999641418457	145.000259399414	1	0	0	-1	0	0	-1	153.582498329993	98.8481725355473	123.929386852383	162.683243141499
3.06778383255005	0.218941181898117	173.041046142578	82.464714050293	1	113.999641418457	145.000259399414	1	0	0	-1	0	0	-1	153.400395219723	99.0697280511904	122.721012822946	163.297494148797
3.07540798187256	0.219205886125565	172.926147460938	82.5767517089844	1	113.999641418457	145.000259399414	1	0	0	-1	0	0	-1	153.332149030152	99.1121567121183	122.718960556674	163.280726911728
3.08302807807922	0.228294119238853	172.810913085938	82.6895141601563	1	113.999641418457	145.000259399414	1	0	0	-1	0	0	-1	153.232878020823	99.4015665297545	122.573899725213	163.173836659309
3.09065103530884	0.225852936506271	172.696029663086	82.8015518188477	1	113.999641418457	145.000259399414	1	0	0	-1	0	0	-1	153.068707482993	99.6376093294461	123.787439522047	163.292670687484
3.09827423095703	0.227323532104492	172.580810546875	82.9139556884766	1	113.999641418457	145.000259399414	1	0	0	-1	0	0	-1	152.983898792409	99.5460992907801	122.647822426607	163.065720984547
3.10589647293091	0.22111764550209	172.465927124023	83.0260314941406	1	113.999641418457	145.000259399414	1	0	0	-1	0	0	-1	152.901876316293	99.6808347692897	123.016962535648	162.725375990488
3.11351823806763	0.223794117569923	172.350708007813	83.1380615234375	1	113.999641418457	145.000259399414	1	0	0	-1	0	0	-1	152.871528109192	99.644459291782	123.861007568056	162.534696336458
3.1211404800415	0.225470587611198	172.235809326172	83.2504653930664	1	113.999641418457	145.000259399414	1	0	0	-1	0	0	-1	152.775389318812	99.5845992165855	122.797994831853	162.451966361387
3.12876343727112	0.224117651581764	172.114990234375	83.3684692382812	1	113.999641418457	145.000259399414	1	0	0	-1	0	0	-1	152.701045764175	99.6587354888228	123.686133771398	162.337825981445
3.13638544082642	0.227735295891762	171.999740600586	83.4805068969727	1	113.999641418457	145.000259399414	1	0	0	-1	0	0	-1	152.563137329648	99.9556847422091	122.51225115539	162.542251065998
3.14400744438171	0.229499995708466	171.884887695313	83.5929107666016	1	113.999641418457	145.000259399414	1	0	0	-1	0	0	-1	152.559346607385	100.031026483665	122.544132908512	163.188338643605
3.15162968635559	0.223647058010101	171.769638061523	83.7049407958984	1	113.999641418457	145.000259399414	1	0	0	-1	0	0	-1	152.326250595522	100.102048594569	123.552320854429	163.383883365978
3.15925145149231	0.222294121980667	171.65478515625	83.8173828125	1	113.999641418457	145.000259399414	1	0	0	-1	0	0	-1	152.160391056045	100.370051301907	123.340091727725	163.422460241997
3.16687417030334	0.221470594406128	171.539520263672	83.9294204711914	1	113.999641418457	145.000259399414	1	0	0	-1	0	0	-1	152.073091292269	100.371299932944	122.490287347896	163.380039583639
3.1744966506958	0.222352936863899	171.424682617188	84.0414581298828	1	113.999641418457	145.000259399414	1	0	0	-1	0	0	-1	152.103843560351	100.401406415567	123.8252951128	162.719186821288
3.18211936950684	0.22447058558464	171.309417724609	84.1542205810547	1	113.999641418457	145.000259399414	1	0	0	-1	0	0	-1	151.952045542262	100.406213817059	123.729635069484	163.322035174933
3.18974089622498	0.219382345676422	171.194564819336	84.2662658691406	1	113.999641418457	145.000259399414	1	0	0	-1	0	0	-1	151.728523650263	100.737219302437	123.772395218069	163.371705334782
3.19736361503601	0.225176468491554	171.079315185547	84.3782958984375	1	113.999641418457	145.000259399414	1	0	0	-1	0	0	-1	151.613874723372	100.545174636775	122.564303809129	163.117433559025
3.20498728752136	0.227764710783958	170.964462280273	84.4906997680664	1	113.999641418457	145.000259399414	1	0	0	-1	0	0	-1	151.483354001717	100.802346656491	123.513666752853	163.261736785727
3.21260786056519	0.222352936863899	170.849578857422	84.602783203125	1	113.999641418457	145.000259399414	1	0	0	-1	0	0	-1	151.460848601736	100.817261330762	123.638716140862	163.435996068276
3.22023034095764	0.22308823466301	170.734359741211	84.7148132324219	1	113.999641418457	145.000259399414	1	0	0	-1	0	0	-1	151.40563784042	100.772575250836	122.5634624825	163.610416174251
3.22785329818726	0.228499993681908	170.619476318359	84.8272171020508	1	113.999641418457	145.000259399414	1	0	0	-1	0	0	-1	151.272123254694	100.75194992778	123.635209503568	163.477341733718
3.23547601699829	0.226705878973007	170.504257202148	84.9392547607422	1	113.999641418457	145.000259399414	1	0	0	-1	0	0	-1	151.319301946495	100.820596413846	123.565555073802	163.49901031161
3.24309659004211	0.224941179156303	170.389389038086	85.0513305664063	1	113.999641418457	145.000259399414	1	0	0	-1	0	0	-1	151.132459269257	101.079436999904	123.668126836988	163.248304318336
3.25071978569031	0.226294115185738	170.274154663086	85.1640625	1	113.999641418457	145.000259399414	1	0	0	-1	0	0	-1	151.211190292758	101.216005392912	123.726118557674	163.288993770059
3.25834155082703	0.228058829903603	170.159271240234	85.2761383056641	1	113.999641418457	145.000259399414	1	0	0	-1	0	0	-1	150.887001336133	101.244703187631	123.757462962963	163.128074074074
3.2659649848938	0.22308823466301	170.038070678711	85.3944702148437	1	113.999641418457	145.000259399414	1	0	0	-1	0	0	-1	150.907874321179	101.232447633825	123.776132207097	163.191758739017
3.27358722686768	0.224823534488678	169.922821044922	85.5065383911133	1	113.999641418457	145.000259399414	1	0	0	-1	0	0	-1	150.822302983933	101.275918133129	123.756064602108	163.341900972014
3.28120851516724	0.221588239073753	169.807983398438	85.6185836791992	1	113.999641418457	145.000259399414	1	0	0	-1	0	0	-1	150.704152920629	101.187463613429	123.749969460341	163.506526090266
3.28883194923401	0.22423529624939	169.692718505859	85.7309875488281	1	113.999641418457	145.000259399414	1	0	0	-1	0	0	-1	150.658433445459	101.335223450264	123.680477665244	163.288124401291
3.29645466804504	0.227117642760277	169.577880859375	85.8430252075195	1	113.999641418457	145.000259399414	1	0	0	-1	0	0	-1	150.42723952326	101.627354863514	123.766157083148	163.24145349774
3.30407571792603	0.226117640733719	169.462631225586	85.9550628662109	1	113.999641418457	145.000259399414	1	0	0	-1	0	0	-1	150.1933307633	101.653238242097	123.834958591255	163.141430415407
3.31169891357422	0.225999996066093	169.347778320313	86.0675048828125	1	113.999641418457	145.000259399414	1	0	0	-1	0	0	-1	150.11889922332	101.866526033177	124.064600594402	162.548350104641
3.31932020187378	0.226411759853363	169.232528686523	86.1795425415039	1	113.999641418457	145.000259399414	1	0	0	-1	0	0	-1	150.061837796186	101.950780196494	124.028218270102	162.75404150369
3.32694339752197	0.22782352566719	169.117691040039	86.2915878295899	1	113.999641418457	145.000259399414	1	0	0	-1	0	0	-1	149.894335304215	102.101182529086	123.795238140087	163.217222185596
3.33456563949585	0.224117651581764	169.002807617188	86.4039916992187	1	113.999641418457	145.000259399414	1	0	0	-1	0	0	-1	149.84405964406	102.185377585378	123.84752345793	163.43453891709
3.34218668937683	0.220411762595177	168.887924194336	86.5160369873047	1	113.999641418457	145.000259399414	1	0	0	-1	0	0	-1	149.735364339605	102.225384394996	123.727971398007	163.388838841657
3.34980988502502	0.229617640376091	168.773071289063	86.6288146972656	1	113.999641418457	145.000259399414	1	0	0	-1	0	0	-1	149.67339839598	102.232969369021	123.916045440117	162.786804667135
3.35743141174316	0.227764710783958	168.657821655273	86.7408447265625	1	113.999641418457	145.000259399414	1	0	0	-1	0	0	-1	149.556993339677	102.482397716461	123.919523379943	162.59518305518
3.36505270004272	0.224999994039536	168.542984008789	86.8529281616211	1	113.999641418457	145.000259399414	1	0	0	-1	0	0	-1	149.317650468554	102.528064921264	123.85547232901	162.607656632253
3.37267661094666	0.228470593690872	168.427734375	86.96533203125	1	113.999641418457	145.000259399414	1	0	0	-1	0	0	-1	149.367587795049	102.68105929764	123.968249136791	162.543835785829
3.38029813766479	0.223352938890457	168.312896728516	87.0773773193359	1	113.999641418457	145.000259399414	1	0	0	-1	0	0	-1	149.194503375121	102.624493731919	122.856691011029	162.720122828372
3.38792133331299	0.222176477313042	168.197647094727	87.1894149780274	1	113.999641418457	145.000259399414	1	0	0	-1	0	0	-1	149.141502053589	102.824662624682	123.768386865311	162.325893615816
3.3955442905426	0.225676476955414	168.076446533203	87.3077850341797	1	113.999641418457	145.000259399414	1	0	0	-1	0	0	-1	149.007807228916	102.960192771084	123.908910423068	162.481654455212
3.40316557884216	0.223882347345352	167.961578369141	87.4198303222656	1	113.999641418457	145.000259399414	1	0	0	-1	0	0	-1	148.862965497019	103.089336330759	123.858165586588	162.641366060676
3.41078853607178	0.228558823466301	167.84635925293	87.5322265625	1	113.999641418457	145.000259399414	1	0	0	-1	0	0	-1	148.957807953443	103.159941804074	123.709055424716	162.464049466583
3.4184103012085	0.227764710783958	167.731475830078	87.6443099975586	1	113.999641418457	145.000259399414	1	0	0	-1	0	0	-1	148.743765281174	103.165574572127	123.737446469853	162.435328002425
3.42603325843811	0.229323536157608	167.616271972656	87.75634765625	1	113.999641418457	145.000259399414	1	0	0	-1	0	0	-1	148.745823620824	103.164627039627	123.894550987058	162.482484644715
3.43365478515625	0.217999994754791	167.501388549805	87.8687591552734	1	113.999641418457	145.000259399414	1	0	0	-1	0	0	-1	148.503121342177	103.344030433086	123.696175549783	162.543483018832
3.44127655029297	0.229264706373215	167.386169433594	87.9807968139648	1	113.999641418457	145.000259399414	1	0	0	-1	0	0	-1	148.313856589147	103.651744186047	122.687015055277	163.153515675636
3.4489004611969	0.226323530077934	167.271301269531	88.0928421020508	1	113.999641418457	145.000259399414	1	0	0	-1	0	0	-1	148.308382941349	103.545525519664	123.756851694956	162.534646396375
3.45652198791504	0.222117647528648	167.15608215332	88.2056121826172	1	113.999641418457	145.000259399414	1	0	0	-1	0	0	-1	148.189604541895	103.439310884886	123.825226054522	162.74296426277
3.46414399147034	0.223588228225708	167.041198730469	88.3176956176758	1	113.999641418457	145.000259399414	1	0	0	-1	0	0	-1	148.062591400994	103.782587501219	123.82658127108	162.718061924432
3.47176694869995	0.227029412984848	166.925994873047	88.4297332763672	1	113.999641418457	145.000259399414	1	0	0	-1	0	0	-1	148.07018235584	104.051158206013	123.915631350895	162.606714214502
3.47938799858093	0.231264710426331	166.811111450195	88.5421447753906	1	113.999641418457	145.000259399414	1	0	0	-1	0	0	-1	147.923099472347	103.998925151456	123.855991468398	162.653328174105
3.48701190948486	0.221088230609894	166.695907592773	88.654182434082	1	113.999641418457	145.000259399414	1	0	0	-1	0	0	-1	147.612830558276	104.133692458374	123.856869531776	162.60646091722
3.4946346282959	0.218735292553902	166.581024169922	88.7665939331055	1	113.999641418457	145.000259399414	1	0	0	-1	0	0	-1	147.690146303653	104.232535607015	123.70936200959	163.206992652648
3.50225567817688	0.223617643117905	166.4658203125	88.8786315917969	1	113.999641418457	145.000259399414	1	0	0	-1	0	0	-1	147.499416569428	104.36756126021	123.887931695351	163.504053432481
3.50987839698791	0.226999998092651	166.350936889648	88.9907150268555	1	113.999641418457	145.000259399414	1	0	0	-1	0	0	-1	147.36848755832	104.467534992224	122.684366107688	163.691208295347
3.51749920845032	0.225441172719002	166.235717773438	89.1034851074219	1	113.999641418457	145.000259399414	1	0	0	-1	0	0	-1	147.304505032737	104.581452164566	123.665739737003	163.468963566951
3.52512168884277	0.228529408574104	166.120849609375	89.2155303955078	1	113.999641418457	145.000259399414	1	0	0	-1	0	0	-1	147.136394858208	104.717397703856	123.845198439136	163.29801084991
3.53274512290955	0.22644117474556	166.000045776367	89.3331832885742	1	113.999641418457	145.000259399414	1	0	0	-1	0	0	-1	146.889399120664	104.952906692721	122.79154434417	163.569905041499
3.54036664962769	0.227676466107368	166.108947753906	89.2270660400391	1	113.999641418457	145.000259399414	1	0	0	-1	0	0	-1	147.159500147594	104.823378923546	123.851896522251	163.322703185246
3.54799032211304	0.227500006556511	166.223785400391	89.1150207519531	1	113.999641418457	145.000259399414	1	0	0	-1	0	0	-1	147.33433676442	104.612254806759	123.892270544964	162.70185585535
3.55561208724976	0.230264708399773	166.339019775391	89.0029754638672	1	113.999641418457	145.000259399414	1	0	0	-1	0	0	-1	147.405212109337	104.439502302342	123.635313500104	163.274376503115
3.5632336139679	0.227294117212296	166.453872680664	88.8905639648437	1	113.999641418457	145.000259399414	1	0	0	-1	0	0	-1	147.548149583414	104.514047665181	123.829008341057	163.274498307201
3.57085728645325	0.224676474928856	166.569107055664	88.7784881591797	1	113.999641418457	145.000259399414	1	0	0	-1	0	0	-1	147.578305018551	104.298183948448	123.760152526215	163.323060057197
3.57847833633423	0.226676464080811	166.683959960938	88.6657485961914	1	113.999641418457	145.000259399414	1	0	0	-1	0	0	-1	147.748397747135	104.227228588075	123.754003299921	163.245157413854
3.58610272407532	0.223382353782654	166.799209594727	88.5536804199219	1	113.999641418457	145.000259399414	1	0	0	-1	0	0	-1	147.736117840876	104.153987789514	123.865635000239	163.428428141568
3.59372282028198	0.223529413342476	166.914047241211	88.4416275024414	1	113.999641418457	145.000259399414	1	0	0	-1	0	0	-1	147.820031298905	103.910309076682	123.933456068223	162.757213854416
3.60134530067444	0.224617645144463	167.029296875	88.329231262207	1	113.999641418457	145.000259399414	1	0	0	-1	0	0	-1	147.987515726314	103.889867415078	123.567600509705	163.198350846738
3.60896968841553	0.229735299944878	167.144134521484	88.2171783447266	1	113.999641418457	145.000259399414	1	0	0	-1	0	0	-1	148.159495914148	103.732795116668	122.570085137165	163.320859532951
3.61659073829651	0.229176476597786	167.259384155273	88.1051406860352	1	113.999641418457	145.000259399414	1	0	0	-1	0	0	-1	148.240253411306	103.666959064327	123.742345270788	163.242448018831
3.62421345710754	0.2241470515728	167.374221801758	87.9926986694336	1	113.999641418457	145.000259399414	1	0	0	-1	0	0	-1	148.262930186824	103.544346116028	123.84107293015	162.736359255865
3.63183426856995	0.228588238358498	167.489471435547	87.8806610107422	1	113.999641418457	145.000259399414	1	0	0	-1	0	0	-1	148.557321115227	103.355917332813	123.542044850285	162.705805233144
3.63945722579956	0.226588234305382	167.604309082031	87.7686157226563	1	113.999641418457	145.000259399414	1	0	0	-1	0	0	-1	148.58460942043	103.355010660981	123.399568154649	163.150719587801
3.64708018302917	0.232029408216476	167.719573974609	87.6558456420898	1	113.999641418457	145.000259399414	1	0	0	-1	0	0	-1	148.734400617224	103.310058829202	123.666990608793	163.392804746998
3.65470099449158	0.2267647087574	167.834411621094	87.5438003540039	1	113.999641418457	145.000259399414	1	0	0	-1	0	0	-1	148.748490161699	103.264952269628	123.537394328419	163.583492110472
3.66232419013977	0.229441180825233	167.949661254883	87.4317626953125	1	113.999641418457	145.000259399414	1	0	0	-1	0	0	-1	148.937807034781	102.88573393594	123.658247086247	163.492186480186
3.66994643211365	0.222235292196274	168.070114135742	87.3133773803711	1	113.999641418457	145.000259399414	1	0	0	-1	0	0	-1	149.008126148786	103.100609461159	123.678036166131	163.435513620228
3.6775689125061	0.226500004529953	168.185363769531	87.2013397216797	1	113.999641418457	145.000259399414	1	0	0	-1	0	0	-1	149.037062524577	102.897168698388	123.56046529123	163.356162193677
3.68519234657288	0.228558823466301	168.300201416016	87.0889282226563	1	113.999641418457	145.000259399414	1	0	0	-1	0	0	-1	149.28736189184	102.658267106028	123.591083368834	163.310165033618
3.69281458854675	0.22332352399826	168.415451049805	86.9768600463867	1	113.999641418457	145.000259399414	1	0	0	-1	0	0	-1	149.252361275089	102.489571035026	123.6844653309	162.779409400796
3.70043587684631	0.223941177129745	168.530288696289	86.8648147583008	1	113.999641418457	145.000259399414	1	0	0	-1	0	0	-1	149.521312748811	102.434314011069	123.728200510281	162.756791235179
3.70805859565735	0.227558821439743	168.645553588867	86.7524108886719	1	113.999641418457	145.000259399414	1	0	0	-1	0	0	-1	149.483137254902	102.253921568627	123.706315253854	163.232991594738
3.71567964553833	0.223852947354317	168.760391235352	86.6403656005859	1	113.999641418457	145.000259399414	1	0	0	-1	0	0	-1	149.741384331618	102.271332880303	122.645786179659	163.247404447947
3.72330236434937	0.227558821439743	168.875640869141	86.5282974243164	1	113.999641418457	145.000259399414	1	0	0	-1	0	0	-1	149.72676490417	102.213040547048	123.47538307424	163.180842577821
3.7309250831604	0.22602941095829	168.990478515625	86.415885925293	1	113.999641418457	145.000259399414	1	0	0	-1	0	0	-1	149.686223000584	102.034831679315	123.493661839383	163.163682527741
3.73854684829712	0.228147059679031	169.105728149414	86.3038482666016	1	113.999641418457	145.000259399414	1	0	0	-1	0	0	-1	150.075226353304	102.040936235793	123.786351121017	162.717891325929
3.74617075920105	0.223382353782654	169.220581054687	86.1918029785156	1	113.999641418457	145.000259399414	1	0	0	-1	0	0	-1	149.995701025892	101.962286272594	123.894370390289	163.151861170867
3.75379157066345	0.222588241100311	169.335845947266	86.0790405273437	1	113.999641418457	145.000259399414	1	0	0	-1	0	0	-1	150.122090215397	101.940403747706	123.729665183798	162.72765160384
3.76141452789307	0.22602941095829	169.45068359375	85.9669952392578	1	113.999641418457	145.000259399414	1	0	0	-1	0	0	-1	150.249587418697	101.814678186584	123.661006936504	163.358011281348
3.76903748512268	0.219029411673546	169.565933227539	85.8545989990234	1	113.999641418457	145.000259399414	1	0	0	-1	0	0	-1	150.488893144389	101.726062811183	122.705777035092	163.264584901849
3.77665829658508	0.225882351398468	169.680786132813	85.7425155639649	1	113.999641418457	145.000259399414	1	0	0	-1	0	0	-1	150.53993796045	101.664017060876	123.629341413153	162.669549179942
3.78428149223328	0.225735291838646	169.796035766602	85.630485534668	1	113.999641418457	145.000259399414	1	0	0	-1	0	0	-1	150.699112483118	101.471541578237	123.675506069077	162.475489184474
3.79190397262573	0.224676474928856	169.910919189453	85.5180740356445	1	113.999641418457	145.000259399414	1	0	0	-1	0	0	-1	150.666443338438	101.507465543645	122.470939458325	162.71826111903
3.79952621459961	0.224705874919891	170.026138305664	85.4060440063477	1	113.999641418457	145.000259399414	1	0	0	-1	0	0	-1	151.110514497706	101.182954212633	123.646427636744	162.462145287322
3.80714893341064	0.224088236689568	170.147323608398	85.2876739501953	1	113.999641418457	145.000259399414	1	0	0	-1	0	0	-1	151.03431372549	100.9661668589	123.512570920523	162.373012163042
3.81476998329163	0.22832353413105	170.26220703125	85.1756286621094	1	113.999641418457	145.000259399414	1	0	0	-1	0	0	-1	151.097549114958	101.102606496791	123.646618239301	161.777494448417
3.82239294052124	0.221588239073753	170.377426147461	85.0635986328125	1	113.999641418457	145.000259399414	1	0	0	-1	0	0	-1	151.025592055004	101.070951107716	123.577513011391	162.382080537529
3.83001518249512	0.228764712810516	170.492309570313	84.9511871337891	1	113.999641418457	145.000259399414	1	0	0	-1	0	0	-1	151.065890344493	100.877535177099	123.687097682275	162.376259735385
3.83763742446899	0.225235298275948	170.607528686523	84.8391189575195	1	113.999641418457	145.000259399414	1	0	0	-1	0	0	-1	151.381207539948	100.74930628648	123.784218208187	162.554222019764
3.84525990486145	0.226941183209419	170.722412109375	84.7270736694336	1	113.999641418457	145.000259399414	1	0	0	-1	0	0	-1	151.409343289297	100.695002871913	123.895834121609	162.580517613228
3.85288238525391	0.225588232278824	170.836929321289	84.6142959594727	1	113.999641418457	145.000259399414	1	0	0	-1	0	0	-1	151.475908787329	100.680755653087	123.720647660193	163.124196942329
3.86050391197205	0.224529415369034	170.9521484375	84.5022659301758	1	113.999641418457	145.000259399414	1	0	0	-1	0	0	-1	151.620571101136	100.55973641486	122.488710689006	163.132980915689
3.8681263923645	0.218999996781349	171.067031860352	84.3902206420898	1	113.999641418457	145.000259399414	1	0	0	-1	0	0	-1	151.693145666635	100.55470934156	123.782813636492	162.690071129668
3.87574934959412	0.22758823633194	171.182250976563	84.2778244018555	1	113.999641418457	145.000259399414	1	0	0	-1	0	0	-1	151.850878025629	100.480398671096	123.840480338361	162.685339245954
3.88337087631226	0.226529404520988	171.297134399414	84.1657485961914	1	113.999641418457	145.000259399414	1	0	0	-1	0	0	-1	151.937368118166	100.525704968348	123.741329629945	163.188305983051
3.89099311828613	0.219705879688263	171.412353515625	84.0537109375	1	113.999641418457	145.000259399414	1	0	0	-1	0	0	-1	151.880873279544	100.38785002373	123.827584283762	162.483784612811
3.89861488342285	0.221499994397163	171.527236938477	83.9413070678711	1	113.999641418457	145.000259399414	1	0	0	-1	0	0	-1	152.130058636932	100.24127655484	123.713310164586	162.71782526018
3.90623784065247	0.224911764264107	171.642456054688	83.8292770385742	1	113.999641418457	145.000259399414	1	0	0	-1	0	0	-1	152.242488240376	99.9675530383028	123.382874301473	163.235838957834
3.9138605594635	0.222235292196274	171.757339477539	83.7172317504883	1	113.999641418457	145.000259399414	1	0	0	-1	0	0	-1	152.248833888624	99.9662065683008	123.690829361296	163.532554814109
3.92148208618164	0.225941181182861	171.872573852539	83.6044692993164	1	113.999641418457	145.000259399414	1	0	0	-1	0	0	-1	152.488002285279	99.9788611693011	123.77289692251	163.521746525186
3.92910504341125	0.226352944970131	171.987457275391	83.4923934936523	1	113.999641418457	145.000259399414	1	0	0	-1	0	0	-1	152.584226646248	99.5767611026034	123.422979569698	163.233113361056
3.93672728538513	0.223470583558083	172.102676391602	83.379997253418	1	113.999641418457	145.000259399414	1	0	0	-1	0	0	-1	152.601227582238	99.4598638150954	123.574565297817	163.216611172771
3.94435048103333	0.228911757469177	172.223861694336	83.2623596191406	1	113.999641418457	145.000259399414	1	0	0	-1	0	0	-1	152.711161387632	99.4174208144796	123.52890969163	163.146338105727
3.95197200775146	0.224941179156303	172.338745117188	83.1503219604492	1	113.999641418457	145.000259399414	1	0	0	-1	0	0	-1	152.923381642512	99.3262801932367	123.292249883433	162.578758262555
3.95959377288818	0.226117640733719	172.453979492188	83.0375595092773	1	113.999641418457	145.000259399414	1	0	0	-1	0	0	-1	153.05946865841	99.4072988560083	123.565916633904	162.638466531959
3.96721744537354	0.225235298275948	172.568862915039	82.9255218505859	1	113.999641418457	145.000259399414	1	0	0	-1	0	0	-1	152.941215764863	99.261761618475	123.639594336442	162.743585421583
3.97483849525452	0.225235298275948	172.68408203125	82.8134918212891	1	113.999641418457	145.000259399414	1	0	0	-1	0	0	-1	153.194923280924	99.2152869861716	123.607433911588	162.705623723762
3.98246097564697	0.222176477313042	172.798980712891	82.7010879516602	1	113.999641418457	145.000259399414	1	0	0	-1	0	0	-1	153.455311811476	98.9194367276559	123.563385451075	162.490292152977
3.99008393287659	0.229941174387932	172.914199829102	82.5890197753906	1	113.999641418457	145.000259399414	1	0	0	-1	0	0	-1	153.403910668072	99.1530719831304	123.624347503593	162.469166937091
3.99770498275757	0.22717647254467	173.029083251953	82.4766159057617	1	113.999641418457	145.000259399414	1	0	0	-1	0	0	-1	153.324832855778	99.0255014326648	123.458516165752	162.301182367305
4.00532960891724	0.225764706730843	173.143966674805	82.3645782470703	1	113.999641418457	145.000259399414	1	0	0	-1	0	0	-1	153.636459532029	98.8047564250096	123.589669251995	162.407543440972
4.01295042037964	0.227382346987724	173.259185791016	82.2525405883789	1	113.999641418457	145.000259399414	1	0	0	-1	0	0	-1	153.630436833664	98.666100575526	123.575322482981	162.453540431935
4.0205717086792	0.230647057294846	173.374099731445	82.139778137207	1	113.999641418457	145.000259399414	1	0	0	-1	0	0	-1	153.743982283844	98.6626227614096	123.36894381403	162.289300316994
4.02819442749023	0.223588228225708	173.489318847656	82.0277481079102	1	113.999641418457	145.000259399414	1	0	0	-1	0	0	-1	153.705006637588	98.552152474872	123.54521621547	162.404117338632
4.03581762313843	0.227294117212296	173.607177734375	81.9125213623047	1	113.999641418457	145.000259399414	1	0	0	-1	0	0	-1	153.921484449533	98.3672009158557	123.752421807532	162.252487515488
4.04344034194946	0.22161765396595	173.722427368164	81.8004913330078	1	113.999641418457	145.000259399414	1	0	0	-1	0	0	-1	153.947507802894	98.2524354487846	123.724391262001	162.316979731923
4.05106163024902	0.224058821797371	173.837280273438	81.6880874633789	1	113.999641418457	145.000259399414	1	0	0	-1	0	0	-1	154.161155055751	98.2013723434671	123.708249122186	162.309800780486
4.0586838722229	0.22873529791832	173.952545166016	81.576057434082	1	113.999641418457	145.000259399414	1	0	0	-1	0	0	-1	154.339229371833	97.9654842719189	123.66405039664	162.34266915539
4.06630706787109	0.22267647087574	174.067398071289	81.463981628418	1	113.999641418457	145.000259399414	1	0	0	-1	0	0	-1	154.394474508687	98.0524067217317	123.539148658718	162.34802533532
4.07392835617065	0.226617649197578	174.182281494141	81.3515853881836	1	113.999641418457	145.000259399414	1	0	0	-1	0	0	-1	154.679546328335	97.9721261053441	122.452725522952	162.525203370134
4.08155107498169	0.229499995708466	174.303863525391	81.2335891723633	1	113.999641418457	145.000259399414	1	0	0	-1	0	0	-1	154.67716609913	97.9605561861521	123.507364751405	162.327033291962
4.08917284011841	0.224794119596481	174.418746948242	81.1211929321289	1	113.999641418457	145.000259399414	1	0	0	-1	0	0	-1	154.779855017169	97.8131438382297	123.736033441709	162.338049233628
4.09679508209229	0.221235290169716	174.533981323242	81.009162902832	1	113.999641418457	145.000259399414	1	0	0	-1	0	0	-1	154.766577743902	97.8204077743903	123.814505864794	162.373433079085
4.10441780090332	0.223764702677727	174.648483276367	80.8971176147461	1	113.999641418457	145.000259399414	1	0	0	-1	0	0	-1	154.835793535938	97.8172696575012	123.628052753788	162.331436595417
4.11204051971436	0.221058830618858	174.76335144043	80.7847137451172	1	113.999641418457	145.000259399414	1	0	0	-1	0	0	-1	155.113457713799	97.4274078984752	123.332806659564	162.367467812709
4.11966180801392	0.226176470518112	174.878601074219	80.6726455688477	1	113.999641418457	145.000259399414	1	0	0	-1	0	0	-1	155.045497810775	97.5663430420712	123.384379322664	162.606011194269
4.12728548049927	0.227529406547546	174.993453979492	80.5606079101563	1	113.999641418457	145.000259399414	1	0	0	-1	0	0	-1	155.296581928973	97.4528230029515	123.505444554063	162.566869819375
4.13490772247314	0.226088240742683	175.108734130859	80.4478530883789	1	113.999641418457	145.000259399414	1	0	0	-1	0	0	-1	155.235511014465	97.2314455894866	123.518663265121	162.291772964953
4.14252996444702	0.221088230609894	175.223587036133	80.3358154296875	1	113.999641418457	145.000259399414	1	0	0	-1	0	0	-1	155.37957258375	97.184058529072	123.629752772257	162.517599420473
4.15015172958374	0.223294124007225	175.338851928711	80.2237854003906	1	113.999641418457	145.000259399414	1	0	0	-1	0	0	-1	155.337858363395	97.2649515853427	123.866513693285	162.482980937163
4.15777444839478	0.224441170692444	175.453704833984	80.1113891601563	1	113.999641418457	145.000259399414	1	0	0	-1	0	0	-1	155.579844065839	97.1186832226393	123.828036135631	162.313620425468
4.16539573669434	0.226705878973007	175.568969726563	79.9993591308594	1	113.999641418457	145.000259399414	1	0	0	-1	0	0	-1	155.736993664811	97.0773660971396	123.713822234778	162.230030347492
4.17301893234253	0.222852945327759	175.683822631836	79.8869171142578	1	113.999641418457	145.000259399414	1	0	0	-1	0	0	-1	155.794077404222	97.0703674745895	123.607126065914	162.31339018207
4.18064117431641	0.220970585942268	175.799087524414	79.7748947143555	1	113.999641418457	145.000259399414	1	0	0	-1	0	0	-1	155.900164457773	96.9388604043727	123.466129679632	162.236043202219
4.18826341629028	0.226617649197578	175.913940429688	79.6628570556641	1	113.999641418457	145.000259399414	1	0	0	-1	0	0	-1	155.967422920303	96.8684312584836	123.595450313851	162.325732088376
4.19588565826416	0.227294117212296	176.029205322266	79.5504608154297	1	113.999641418457	145.000259399414	1	0	0	-1	0	0	-1	156.110448908969	96.4618859944247	123.572493137562	162.374283819384
4.2035083770752	0.22373528778553	176.144058227539	79.4384307861328	1	113.999641418457	145.000259399414	1	0	0	-1	0	0	-1	156.256923814087	96.6168663152851	123.402007040976	162.163140129931
4.21113109588623	0.223117649555206	176.25895690918	79.3263549804688	1	113.999641418457	145.000259399414	1	0	0	-1	0	0	-1	156.350472699209	96.3333011769246	123.561555314174	161.731971574277
4.21875333786011	0.226558819413185	176.38053894043	79.2080383300781	1	113.999641418457	145.000259399414	1	0	0	-1	0	0	-1	156.329158699809	96.4354684512428	123.388753649225	162.150244778801
4.22637510299683	0.230558827519417	176.495422363281	79.0959701538086	1	113.999641418457	145.000259399414	1	0	0	-1	0	0	-1	156.472658522397	96.2941632732209	123.374698751187	162.26671474476
4.2339973449707	0.226941183209419	176.610656738281	78.9832458496094	1	113.999641418457	145.000259399414	1	0	0	-1	0	0	-1	156.683232169954	96.1903452200304	123.531360850611	161.598261591646
4.24161911010742	0.224617645144463	176.725555419922	78.8711776733399	1	113.999641418457	145.000259399414	1	0	0	-1	0	0	-1	156.758306999904	96.2550033515273	123.730404783381	161.718065074066
4.24924087524414	0.226088240742683	176.840774536133	78.759147644043	1	113.999641418457	145.000259399414	1	0	0	-1	0	0	-1	156.602792862684	96.1219937936385	122.486250796799	162.300818046604
4.25686407089233	0.227147057652473	176.955673217773	78.6467514038086	1	113.999641418457	145.000259399414	1	0	0	-1	0	0	-1	156.939793130367	96.14012490242	123.523013932016	161.765189195131
4.26448583602905	0.225176468491554	177.070541381836	78.5347137451172	1	113.999641418457	145.000259399414	1	0	0	-1	0	0	-1	156.909769268532	96.0093274423171	123.536721550128	161.667999594593
4.27210855484009	0.221029415726662	177.185806274414	78.4226531982422	1	113.999641418457	145.000259399414	1	0	0	-1	0	0	-1	156.97347219493	95.9145215169974	123.755760284091	161.620128648639
4.27973175048828	0.222970589995384	177.300659179688	78.3102569580078	1	113.999641418457	145.000259399414	1	0	0	-1	0	0	-1	157.148936170213	95.8549413402267	123.552960544673	162.135535837193
4.28735399246216	0.226617649197578	177.415924072266	78.1982269287109	1	113.999641418457	145.000259399414	1	0	0	-1	0	0	-1	157.298292108363	95.760993325481	123.572912115917	161.657883719237
4.29497671127319	0.225735291838646	177.530776977539	78.0861968994141	1	113.999641418457	145.000259399414	1	0	0	-1	0	0	-1	157.396247021446	95.6132843526608	124.470631211187	161.449022601463
4.30259799957275	0.227294117212296	177.646057128906	77.9738082885742	1	113.999641418457	145.000259399414	1	0	0	-1	0	0	-1	157.221904855708	95.6671919629666	123.510604487382	161.496311678931
4.31022024154663	0.223794117569923	177.76091003418	77.8617706298828	1	113.999641418457	145.000259399414	1	0	0	-1	0	0	-1	157.575963718821	95.3728679877748	123.589856398061	161.434281532974
4.31784296035767	0.220294117927551	177.876174926758	77.7497100830078	1	113.999641418457	145.000259399414	1	0	0	-1	0	0	-1	157.605739299611	95.2091439688716	123.384645917907	161.237753721245
4.32546281814575	0.22873529791832	177.99104309082	77.6369476318359	1	113.999641418457	145.000259399414	1	0	0	-1	0	0	-1	157.851928171916	95.2257874595231	123.502363402575	161.32102432222
4.33308792114258	0.227058827877045	178.106307983398	77.5249176025391	1	113.999641418457	145.000259399414	1	0	0	-1	0	0	-1	157.896340276426	95.1255596651742	123.498554171283	161.237728472466
4.34070873260498	0.226705878973007	178.220825195313	77.4128799438477	1	113.999641418457	145.000259399414	1	0	0	-1	0	0	-1	157.937355880092	94.8487701767871	124.189797205949	161.289346552501
4.34833097457886	0.222205877304077	178.335693359375	77.3004837036133	1	113.999641418457	145.000259399414	1	0	0	-1	0	0	-1	158.034071885771	94.9294928606598	124.483643384947	161.293063755523
4.35595464706421	0.229205876588821	178.457275390625	77.1824951171875	1	113.999641418457	145.000259399414	1	0	0	-1	0	0	-1	158.161522239264	94.8601418711656	124.356415183265	161.296704491897
4.36357545852661	0.22832353413105	178.572174072266	77.0700988769531	1	113.999641418457	145.000259399414	1	0	0	-1	0	0	-1	158.225054123204	94.8968706947451	124.381552595315	161.448268259072
4.37119913101196	0.221000000834465	178.687408447266	76.9580764770508	1	113.999641418457	145.000259399414	1	0	0	-1	0	0	-1	158.313330727131	94.7129593432369	123.427583764883	161.541034833798
4.37882089614868	0.228176474571228	178.802307128906	76.8456802368164	1	113.999641418457	145.000259399414	1	0	0	-1	0	0	-1	158.42211963067	94.6780409474107	124.39548674024	161.406220831274
4.38644361495972	0.225647062063217	178.917541503906	76.7336196899414	1	113.999641418457	145.000259399414	1	0	0	-1	0	0	-1	158.531864673485	94.6854838709677	124.270097046835	161.402821530054
4.39406585693359	0.221735298633575	179.032424926758	76.62158203125	1	113.999641418457	145.000259399414	1	0	0	-1	0	0	-1	158.62972166998	94.5809145129225	123.364664292122	161.60315500564
4.40168762207031	0.230911761522293	179.147323608398	76.5095520019531	1	113.999641418457	145.000259399414	1	0	0	-1	0	0	-1	158.869100443727	94.3924969745865	124.659264994608	160.718349325738
4.40931129455566	0.222617641091347	179.262557983398	76.3971633911133	1	113.999641418457	145.000259399414	1	0	0	-1	0	0	-1	158.741043808003	94.2951801217443	123.298639617928	161.35339036168
4.41693210601807	0.224117651581764	179.377456665039	76.2851333618164	1	113.999641418457	145.000259399414	1	0	0	-1	0	0	-1	158.819624384855	94.2607211007332	123.353742778196	161.179773567302
4.4245548248291	0.227676466107368	179.492706298828	76.1723785400391	1	113.999641418457	145.000259399414	1	0	0	-1	0	0	-1	159.006417851501	94.0903436018957	124.584211674057	160.451533764629
4.4321780204773	0.225794121623039	179.607604980469	76.0603103637695	1	113.999641418457	145.000259399414	1	0	0	-1	0	0	-1	159.096484218937	94.0664202956452	123.298052951847	160.669618364265
4.43979930877686	0.224823534488678	179.722839355469	75.9482879638672	1	113.999641418457	145.000259399414	1	0	0	-1	0	0	-1	159.165078419694	94.0044669446099	123.350598103058	160.617072480181
4.44742298126221	0.22529411315918	179.837738037109	75.8358917236328	1	113.999641418457	145.000259399414	1	0	0	-1	0	0	-1	159.177196804648	94.0018674136321	123.497793389174	160.641277132307
4.45504379272461	0.225764706730843	179.952972412109	75.7238693237305	1	113.999641418457	145.000259399414	1	0	0	-1	0	0	-1	159.287381247418	93.9542544403139	123.423602540023	160.712852159914
4.46266555786133	0.228911757469177	180.06787109375	75.6118392944336	1	113.999641418457	145.000259399414	1	0	0	-1	0	0	-1	159.329897991377	94.0377537070144	123.514126481075	160.722332264919
4.47028875350952	0.227764710783958	180.18310546875	75.4994506835938	1	113.999641418457	145.000259399414	1	0	0	-1	0	0	-1	159.37673188789	93.8876784769963	123.459974723709	160.718545806556
4.4779109954834	0.229000002145767	180.298004150391	75.3873825073242	1	113.999641418457	145.000259399414	1	0	0	-1	0	0	-1	159.536830719308	93.8766901027583	123.512118870623	160.685246862594
4.48553466796875	0.221588239073753	180.413238525391	75.2753601074219	1	113.999641418457	145.000259399414	1	0	0	-1	0	0	-1	159.645664246049	93.8548697137975	124.538252145045	160.356624578118
4.49315547943115	0.231617644429207	180.534118652344	75.1569976806641	1	113.999641418457	145.000259399414	1	0	0	-1	0	0	-1	159.715667112437	93.6546651579056	123.251001393624	160.448659403459
4.50077724456787	0.226852938532829	180.648971557617	75.0449676513672	1	113.999641418457	145.000259399414	1	0	0	-1	0	0	-1	159.912823218997	93.4909762532982	123.441526121674	160.463386686719
4.50839996337891	0.2249705940485	180.764266967773	74.9322204589844	1	113.999641418457	145.000259399414	1	0	0	-1	0	0	-1	159.790747028863	93.5098684210526	123.281637356934	160.192115843091
4.51602220535278	0.229558825492859	180.879119873047	74.8201904296875	1	113.999641418457	145.000259399414	1	0	0	-1	0	0	-1	159.94209568661	93.3740768489779	124.437154765722	160.222433930289
4.52364444732666	0.2241470515728	180.994400024414	74.7081680297852	1	113.999641418457	145.000259399414	1	0	0	-1	0	0	-1	160.079223215271	93.4103497738056	124.417500022832	160.193375160963
4.53126764297485	0.224411770701408	181.109268188477	74.5957717895508	1	113.999641418457	145.000259399414	1	0	0	-1	0	0	-1	160.090179467172	93.4189053617211	124.488883035731	160.193311656464
4.53888893127441	0.225911766290665	181.224166870117	74.4837036132813	1	113.999641418457	145.000259399414	1	0	0	-1	0	0	-1	160.269848251594	93.1682427974489	124.519864789352	159.559530243764
4.54651212692261	0.224705874919891	181.339401245117	74.3716812133789	1	113.999641418457	145.000259399414	1	0	0	-1	0	0	-1	160.360744107388	93.1673184652785	124.402816497396	159.600706365356
4.55413389205933	0.224058821797371	181.454299926758	74.2592926025391	1	113.999641418457	145.000259399414	1	0	0	-1	0	0	-1	160.333109017497	93.0602288021534	123.210991297601	159.611945299206
4.56175661087036	0.226382359862328	181.569534301758	74.1472702026367	1	113.999641418457	145.000259399414	1	0	0	-1	0	0	-1	160.493479221928	92.9312555260831	123.231040350024	159.604278074866
4.56937789916992	0.225647062063217	181.684448242188	74.0348739624023	1	113.999641418457	145.000259399414	1	0	0	-1	0	0	-1	160.555234175103	92.9559461564134	123.265156273499	159.527755907253
4.5770001411438	0.223764702677727	181.799682617188	73.9228134155273	1	113.999641418457	145.000259399414	1	0	0	-1	0	0	-1	160.618728729828	92.7972335053244	123.342897645237	159.561791755266
4.58462285995483	0.224000006914139	181.914581298828	73.810791015625	1	113.999641418457	145.000259399414	1	0	0	-1	0	0	-1	160.719542572464	92.7536231884058	124.497760896367	159.406682863152
4.59224557876587	0.227764710783958	182.029830932617	73.6980361938477	1	113.999641418457	145.000259399414	1	0	0	-1	0	0	-1	160.814910025707	92.685816474796	124.391653189578	159.488724168913
4.59986782073975	0.223882347345352	182.144729614258	73.5860061645508	1	113.999641418457	145.000259399414	1	0	0	-1	0	0	-1	161.088	92.4940273972603	123.532838945776	159.66112459974
4.60749006271362	0.227029412984848	182.259963989258	73.473991394043	1	113.999641418457	145.000259399414	1	0	0	-1	0	0	-1	161.133840052875	92.505507821106	124.636835444191	159.589070281984
4.6151123046875	0.225999996066093	182.374877929687	73.3615951538086	1	113.999641418457	145.000259399414	1	0	0	-1	0	0	-1	161.143930188888	92.4876836407821	124.427367744584	160.157162366004
4.62273502349854	0.226352944970131	182.490112304688	73.2495727539063	1	113.999641418457	145.000259399414	1	0	0	-1	0	0	-1	161.186146155677	92.4700071411569	124.507353613697	159.760888653118
4.63035774230957	0.22832353413105	182.611373901367	73.1312255859375	1	113.999641418457	145.000259399414	1	0	0	-1	0	0	-1	161.283520862635	92.4657759024848	124.361350351691	159.483054079705
4.63797998428345	0.220647051930428	182.72624206543	73.0191955566406	1	113.999641418457	145.000259399414	1	0	0	-1	0	0	-1	161.395446096654	92.4294842007435	124.426500379843	159.235954852946
4.64559888839722	0.222705885767937	182.841506958008	72.9071426391602	1	113.999641418457	145.000259399414	1	0	0	-1	0	0	-1	161.427691950285	92.3180392612382	124.71640736783	158.609711480992
4.6532244682312	0.222529411315918	182.95637512207	72.7947463989258	1	113.999641418457	145.000259399414	1	0	0	-1	0	0	-1	161.370527807297	92.3734797496753	123.550489290418	159.31170495832
4.66084623336792	0.225176468491554	183.071655273438	72.6827239990234	1	113.999641418457	145.000259399414	1	0	0	-1	0	0	-1	161.586396628424	92.1088738000468	124.930312122654	158.772814592557
4.66846895217896	0.221823528409004	183.1865234375	72.5707015991211	1	113.999641418457	145.000259399414	1	0	0	-1	0	0	-1	161.634581523653	92.0825214227022	124.836102989028	158.794040275346
4.67609167098999	0.225941181182861	183.301803588867	72.4583129882813	1	113.999641418457	145.000259399414	1	0	0	-1	0	0	-1	161.75071942446	92.1747002398081	124.585473321231	159.282770322663
4.68371295928955	0.229264706373215	183.41667175293	72.3462524414063	1	113.999641418457	145.000259399414	1	0	0	-1	0	0	-1	161.747829189961	91.9816819317236	124.583780209428	159.28030001087
4.69133567810059	0.221558824181557	183.531951904297	72.2342300415039	1	113.999641418457	145.000259399414	1	0	0	-1	0	0	-1	161.970425819119	91.901337587434	124.768977141538	158.794717155391
4.69895792007446	0.226323530077934	183.646820068359	72.1214752197266	1	113.999641418457	145.000259399414	1	0	0	-1	0	0	-1	161.902845073922	91.818114051435	124.85989853274	158.709057230455
4.70657968521118	0.225911766290665	183.761352539063	72.0094451904297	1	113.999641418457	145.000259399414	1	0	0	-1	0	0	-1	162.071420011983	91.7499101258239	124.621560156728	158.50915617094
4.71420288085938	0.220705881714821	183.87663269043	71.8974227905273	1	113.999641418457	145.000259399414	1	0	0	-1	0	0	-1	162.215723645027	91.6839785586659	124.277528658574	158.34326357009
4.72182464599609	0.224617645144463	183.991500854492	71.7850341796875	1	113.999641418457	145.000259399414	1	0	0	-1	0	0	-1	162.349618508491	91.5849126261383	124.310616526878	158.335742871659
4.72944688796997	0.222176477313042	184.106781005859	71.672981262207	1	113.999641418457	145.000259399414	1	0	0	-1	0	0	-1	162.370827729551	91.4101968455801	124.237889619929	158.246632419583
4.73706960678101	0.225882351398468	184.221649169922	71.5609512329102	1	113.999641418457	145.000259399414	1	0	0	-1	0	0	-1	162.476819656931	91.18625405656	124.232388541546	158.446820999457
4.74469089508057	0.223235294222832	184.336929321289	71.4485702514648	1	113.999641418457	145.000259399414	1	0	0	-1	0	0	-1	162.513228140942	91.2837821805671	124.542759965534	158.475234683234
4.7523136138916	0.225176468491554	184.451797485352	71.336540222168	1	113.999641418457	145.000259399414	1	0	0	-1	0	0	-1	162.64602707475	91.2501471453796	124.482027232274	158.447698224484
4.75993633270264	0.223794117569923	184.567092895508	71.2238006591797	1	113.999641418457	145.000259399414	1	0	0	-1	0	0	-1	162.826934946303	91.0985063572398	123.346380855521	158.526334089585
4.76755857467651	0.22708822786808	184.68830871582	71.1061782836914	1	113.999641418457	145.000259399414	1	0	0	-1	0	0	-1	162.814323607427	91.0508801543284	124.466360464603	157.79357858941
4.77518033981323	0.227235287427902	184.803176879883	70.9941482543945	1	113.999641418457	145.000259399414	1	0	0	-1	0	0	-1	162.804898648649	90.9155405405405	124.394796937268	158.229722831684
4.78280210494995	0.222411766648293	184.91845703125	70.8817672729492	1	113.999641418457	145.000259399414	1	0	0	-1	0	0	-1	163.026858747406	91.0330850933952	124.357049284804	158.548700608979
4.79042625427246	0.224117651581764	185.033355712891	70.7697067260742	1	113.999641418457	145.000259399414	1	0	0	-1	0	0	-1	163.096342219467	90.8192188468692	124.399049224485	158.365156663902
4.79804801940918	0.226999998092651	185.148620605469	70.6569976806641	1	113.999641418457	145.000259399414	1	0	0	-1	0	0	-1	163.067736635916	90.772778971313	124.41020773639	158.411058381089
4.80567121505737	0.227558821439743	185.263519287109	70.5449371337891	1	113.999641418457	145.000259399414	1	0	0	-1	0	0	-1	163.213367281986	90.831190324634	124.540181383046	158.45375452108
4.81329298019409	0.22717647254467	185.378768920898	70.4329223632813	1	113.999641418457	145.000259399414	1	0	0	-1	0	0	-1	163.104269081501	90.756403622251	124.625620816238	158.637182394011
4.82091379165649	0.222617641091347	185.493682861328	70.3205337524414	1	113.999641418457	145.000259399414	1	0	0	-1	0	0	-1	163.440647249191	90.797928802589	124.619287137481	158.360956386983
4.828537940979	0.224352940917015	185.608917236328	70.2085113525391	1	113.999641418457	145.000259399414	1	0	0	-1	0	0	-1	163.47812584391	90.6812044288415	125.920842207525	157.70421851063
4.8361611366272	0.228117644786835	185.723831176758	70.0964508056641	1	113.999641418457	145.000259399414	1	0	0	-1	0	0	-1	163.543251205142	90.8632833422603	124.517348345588	158.271360647624
4.84378099441528	0.227941170334816	185.839080810547	69.9840698242187	1	113.999641418457	145.000259399414	1	0	0	-1	0	0	-1	163.615077177508	90.6688257993385	124.503319176273	158.26797887148
4.85140466690064	0.227617651224136	185.953979492188	69.8720474243164	1	113.999641418457	145.000259399414	1	0	0	-1	0	0	-1	163.746501188276	90.4124636915764	124.577185561697	157.693825865961
4.85902500152588	0.226882353425026	186.069229125977	69.7600326538086	1	113.999641418457	145.000259399414	1	0	0	-1	0	0	-1	163.674107739607	90.4471327362652	124.410859792699	157.772226310703
4.86664962768555	0.222000002861023	186.184143066406	69.6472778320313	1	113.999641418457	145.000259399414	1	0	0	-1	0	0	-1	163.733824514401	90.283590087073	124.489170698853	157.633443221496
4.87427043914795	0.224647060036659	186.299392700195	69.5352630615234	1	113.999641418457	145.000259399414	1	0	0	-1	0	0	-1	163.826734025123	90.2179137083561	125.59176425938	157.411353285621
4.88189268112183	0.227382346987724	186.414306640625	69.4232025146484	1	113.999641418457	145.000259399414	1	0	0	-1	0	0	-1	164.018777412281	90.2039473684211	125.505941951357	157.35043441157
4.88951635360718	0.2249705940485	186.529556274414	69.3108215332031	1	113.999641418457	145.000259399414	1	0	0	-1	0	0	-1	164.078269257269	90.11988424969	124.506878769338	157.437042216589
4.89713716506958	0.22202941775322	186.644454956055	69.1987991333008	1	113.999641418457	145.000259399414	1	0	0	-1	0	0	-1	164.103231106243	90.0894030668127	125.570966030695	157.451103956683
4.9047589302063	0.228499993681908	186.765319824219	69.0804443359375	1	113.999641418457	145.000259399414	1	0	0	-1	0	0	-1	164.139863945578	90.0478911564626	125.58561659223	157.422695698277
4.91238212585449	0.226264700293541	186.880218505859	68.9684219360352	1	113.999641418457	145.000259399414	1	0	0	-1	0	0	-1	164.175254852674	89.9831029185868	125.678123518903	156.78406978016
4.92000436782837	0.224264711141586	186.995468139648	68.8564071655273	1	113.999641418457	145.000259399414	1	0	0	-1	0	0	-1	164.400214161424	89.8907776736715	125.483116579636	157.216226418486
4.92762756347656	0.228147059679031	187.110382080078	68.7440185546875	1	113.999641418457	145.000259399414	1	0	0	-1	0	0	-1	164.5252923579	89.7748164264346	124.344274475524	157.275611888112
4.93524932861328	0.227294117212296	187.225631713867	68.6320037841797	1	113.999641418457	145.000259399414	1	0	0	-1	0	0	-1	164.617282210319	89.9382576825486	125.717836616845	156.483309196564
4.94287157058716	0.230676472187042	187.340545654297	68.5199432373047	1	113.999641418457	145.000259399414	1	0	0	-1	0	0	-1	164.650969529086	89.8931331097828	125.683265306122	156.449569160998
4.95049428939819	0.22782352566719	187.455795288086	68.4075698852539	1	113.999641418457	145.000259399414	1	0	0	-1	0	0	-1	164.534198302098	90.0072080730418	124.37734155618	157.311386983258
4.95811653137207	0.224735289812088	187.570693969727	68.2955474853516	1	113.999641418457	145.000259399414	1	0	0	-1	0	0	-1	164.532007458048	89.719390926041	124.114261300521	157.150516961463
4.96573972702026	0.226735293865204	187.685958862305	68.1828002929688	1	113.999641418457	145.000259399414	1	0	0	-1	0	0	-1	164.678820791311	89.7458494957331	125.507353141797	156.489836566533
4.97336101531982	0.230852946639061	187.800872802734	68.0707778930664	1	113.999641418457	145.000259399414	1	0	0	-1	0	0	-1	164.717648942985	89.6736066623959	124.480551707206	156.278457815268
4.98098278045654	0.226411759853363	187.916122436523	67.9587631225586	1	113.999641418457	145.000259399414	1	0	0	-1	0	0	-1	164.957981904616	89.5278331544242	124.251265314671	156.603476561137
4.98860597610474	0.224294111132622	188.031036376953	67.8463821411133	1	113.999641418457	145.000259399414	1	0	0	-1	0	0	-1	164.918888350299	89.6463079657457	125.672003850765	156.602308642424
4.9962272644043	0.225647062063217	188.146286010742	67.7343292236328	1	113.999641418457	145.000259399414	1	0	0	-1	0	0	-1	164.948722316865	89.6492333901193	125.519826461851	156.750525324252
5.00384950637817	0.226588234305382	188.261199951172	67.6223068237305	1	113.999641418457	145.000259399414	1	0	0	-1	0	0	-1	165.08056222146	89.459547480288	125.466006523134	156.587515697984
5.01147222518921	0.226117640733719	188.376449584961	67.5099258422852	1	113.999641418457	145.000259399414	1	0	0	-1	0	0	-1	165.189073556031	89.4089188744446	125.344497522211	156.388285191303
5.01909446716309	0.224117651581764	188.491363525391	67.3979110717773	1	113.999641418457	145.000259399414	1	0	0	-1	0	0	-1	165.062237026648	89.5017531556802	125.756954961405	156.492166203156
5.02671718597412	0.227882355451584	188.60661315918	67.2858963012695	1	113.999641418457	145.000259399414	1	0	0	-1	0	0	-1	165.271754982985	89.3381947820451	125.649440548739	156.50198485926
5.034339427948	0.221323534846306	188.724487304688	67.1706924438477	1	113.999641418457	145.000259399414	1	0	0	-1	0	0	-1	165.078194742933	89.3600595139693	124.420181777876	157.25080913323
5.04196119308472	0.229058817028999	188.845764160156	67.0523452758789	1	113.999641418457	145.000259399414	1	0	0	-1	0	0	-1	165.199055989583	89.4925130208333	124.32702105162	157.258692859577
5.04958438873291	0.228058829903603	188.960632324219	66.9403228759766	1	113.999641418457	145.000259399414	1	0	0	-1	0	0	-1	165.395357272398	89.4989118607182	124.647876433991	157.28725680584
5.05720567703247	0.229176476597786	189.075927734375	66.8279495239258	1	113.999641418457	145.000259399414	1	0	0	-1	0	0	-1	165.528142905292	89.4401752612066	124.545678163352	157.170748695162
5.06482791900635	0.223705887794495	189.190811157227	66.7159271240234	1	113.999641418457	145.000259399414	1	0	0	-1	0	0	-1	165.527570789866	89.1689021361153	125.563319799422	156.468486392567
5.07245016098022	0.224617645144463	189.306091308594	66.6039123535156	1	113.999641418457	145.000259399414	1	0	0	-1	0	0	-1	165.591231806887	89.1549520766773	125.758643224747	156.409256351375
5.08007287979126	0.22529411315918	189.420974731445	66.4911651611328	1	113.999641418457	145.000259399414	1	0	0	-1	0	0	-1	165.512054896142	89.1172106824926	125.874430709174	156.443483280948
5.08769464492798	0.223000004887581	189.536270141602	66.3791198730469	1	113.999641418457	145.000259399414	1	0	0	-1	0	0	-1	165.738634305379	89.1539576163738	125.814371805072	156.618757601529
5.09531736373901	0.224117651581764	189.651138305664	66.2670974731445	1	113.999641418457	145.000259399414	1	0	0	-1	0	0	-1	165.68061113132	89.123499454347	125.709330570837	157.194336286347
5.10293960571289	0.225235298275948	189.76643371582	66.1547241210937	1	113.999641418457	145.000259399414	1	0	0	-1	0	0	-1	165.689718482252	89.1946144430845	125.76258484033	157.286101339995
5.11056232452393	0.227529406547546	189.881317138672	66.0427017211914	1	113.999641418457	145.000259399414	1	0	0	-1	0	0	-1	165.721930533118	89.0854200323102	124.746404412347	157.333195520799
5.11818504333496	0.2249705940485	189.996597290039	65.9306945800781	1	113.999641418457	145.000259399414	1	0	0	-1	0	0	-1	165.758168574402	89.2457856399584	125.800072750421	157.312917746556
5.12580680847168	0.231705889105797	190.111480712891	65.8183059692383	1	113.999641418457	145.000259399414	1	0	0	-1	0	0	-1	165.89820495342	89.1979095660077	125.730928061103	157.338023279186
5.13342905044556	0.22423529624939	190.226776123047	65.7062606811523	1	113.999641418457	145.000259399414	1	0	0	-1	0	0	-1	165.893788525368	89.3074917022286	125.7543969387	157.236238869674
5.14105176925659	0.227647066116333	190.341644287109	65.59423828125	1	113.999641418457	145.000259399414	1	0	0	-1	0	0	-1	166.149907749078	89.1303044280443	126.016539557958	156.789215504794
5.14867448806763	0.234088242053986	190.456939697266	65.4818649291992	1	113.999641418457	145.000259399414	1	0	0	-1	0	0	-1	166.035705840624	89.2019389926697	125.745610158639	157.365292520811
5.15629768371582	0.227529406547546	190.571823120117	65.3698425292969	1	113.999641418457	145.000259399414	1	0	0	-1	0	0	-1	166.060025220681	89.1016393442623	125.954666517666	157.181389804623
5.16391849517822	0.225705876946449	190.687118530273	65.2577972412109	1	113.999641418457	145.000259399414	1	0	0	-1	0	0	-1	165.942430703625	89.1584932480455	125.77127954924	157.150811494734
5.17154026031494	0.222705885767937	190.801666259766	65.1450805664063	1	113.999641418457	145.000259399414	1	0	0	-1	0	0	-1	165.989263803681	88.8476482617587	125.795076091751	156.793670048522
5.17916393280029	0.22529411315918	190.922897338867	65.0274353027344	1	113.999641418457	145.000259399414	1	0	0	-1	0	0	-1	166.139069404731	89.0850012997141	125.946145088574	156.74181884421
5.18678522109985	0.219205886125565	191.037780761719	64.9147186279297	1	113.999641418457	145.000259399414	1	0	0	-1	0	0	-1	166.09265010352	89.1174948240166	125.643976672134	157.193466375068
5.19440793991089	0.21858823299408	191.153076171875	64.8026733398438	1	113.999641418457	145.000259399414	1	0	0	-1	0	0	-1	166.129157248951	89.0061349693252	124.747237089348	157.298180619996
5.20203065872192	0.221588239073753	191.267959594727	64.6906585693359	1	113.999641418457	145.000259399414	1	0	0	-1	0	0	-1	166.117239205799	89.1068389536716	125.88123187533	157.383710264701
5.20965147018433	0.225264713168144	191.383255004883	64.5782852172852	1	113.999641418457	145.000259399414	1	0	0	-1	0	0	-1	166.247097350402	89.1741589758857	126.012288045143	156.783622745877
5.21727466583252	0.226235300302505	191.498123168945	64.4662628173828	1	113.999641418457	145.000259399414	1	0	0	-1	0	0	-1	166.166395310974	89.2311950504722	125.909792812309	157.18610787091
5.22489643096924	0.224588230252266	191.613418579102	64.3542556762695	1	113.999641418457	145.000259399414	1	0	0	-1	0	0	-1	166.459398252993	88.9618246522161	126.006100765881	157.249399309206
5.23252010345459	0.227882355451584	191.728302001953	64.2418365478516	1	113.999641418457	145.000259399414	1	0	0	-1	0	0	-1	166.470348837209	88.9970930232558	125.938454508066	156.643513229448
5.24014139175415	0.223441183567047	191.843597412109	64.1298294067383	1	113.999641418457	145.000259399414	1	0	0	-1	0	0	-1	166.478373143964	89.1055519690123	126.017327032594	156.615179561744
5.24776411056519	0.227235287427902	191.958526611328	64.017448425293	1	113.999641418457	145.000259399414	1	0	0	-1	0	0	-1	166.242513984863	88.8775913129319	124.654065374725	157.158974223023
5.25538635253906	0.224852934479713	192.073776245117	63.9054374694824	1	113.999641418457	145.000259399414	1	0	0	-1	0	0	-1	166.421987026289	88.8180266302492	126.079921153181	156.553506534757
5.26300764083862	0.220205888152122	192.188690185547	63.7934188842773	1	113.999641418457	145.000259399414	1	0	0	-1	0	0	-1	166.620770519263	88.9433835845896	124.836680520177	156.762524020199
5.27063131332397	0.223294124007225	192.303955078125	63.6806831359863	1	113.999641418457	145.000259399414	1	0	0	-1	0	0	-1	166.440231362468	89.1956940874036	124.629652157049	157.375240210857
